#
#   version : EMCCD_Detection_Driver_Ver_2.05
#    num_fr : 12
#    num_tr : 0
#      time : 20180813 07:19:44.276 UTC
#      unix : 1534144784.276093
#       ntp : LOCK 0 0 0
#       seq : 632692
#       mul : 0 [A]
#      site : 01
#    latlon : 43.2642 -80.7721 329.0
#      text : Tavistock
#    stream : G
#     plate : 
#      geom : 512 512
#    filter : 0
#
#  fr    time    sum     seq       cx       cy      th      phi     lsp    mag  flag   bak    max
   32  -0.156  15388  632687   20.241  123.473  35.823  115.673 -10.468   7.10  0000   0.0    0.0
   33  -0.124  20059  632688   27.856  141.831  36.096  116.525 -10.756   6.81  0000   0.0    0.0
   34  -0.093  32060  632689   35.471  160.192  36.374  117.366 -11.265   6.31  0000   0.0    0.0
   35  -0.062  55559  632690   43.086  178.552  36.658  118.197 -11.862   5.71  0000   0.0    0.0
   36  -0.031  86881  632691   50.701  196.910  36.948  119.017 -12.347   5.22  0000   0.0    0.0
   37   0.000  97564  632692   58.316  215.270  37.243  119.827 -12.473   5.10  0000   0.0    0.0
   38   0.031  86480  632693   65.931  233.630  37.544  120.626 -12.342   5.23  0000   0.0    0.0
   39   0.062  80019  632694   73.546  251.989  37.850  121.415 -12.258   5.31  0000   0.0    0.0
   40   0.093  65113  632695   81.161  270.349  38.162  122.193 -12.034   5.54  0000   0.0    0.0
   41   0.124  41586  632696   88.776  288.709  38.478  122.961 -11.547   6.02  0000   0.0    0.0
   42   0.156  31383  632697   96.391  307.068  38.799  123.718 -11.242   6.33  0000   0.0    0.0
   43   0.187  22424  632698  104.006  325.428  39.124  124.465 -10.877   6.69  0000   0.0    0.0
